   1.2650276e+03
   1.2653189e+03
   1.2656103e+03
   1.2659017e+03
   1.2661933e+03
   1.2664849e+03
   1.2667765e+03
   1.2670682e+03
   1.2673600e+03
   1.2676519e+03
   1.2679438e+03
   1.2682358e+03
   1.2685278e+03
   1.2688200e+03
   1.2691121e+03
   1.2694044e+03
   1.2696967e+03
   1.2699891e+03
   1.2702816e+03
   1.2705741e+03
   1.2708667e+03
   1.2711594e+03
   1.2714521e+03
   1.2717449e+03
   1.2720378e+03
   1.2723307e+03
   1.2726237e+03
   1.2729167e+03
   1.2732099e+03
   1.2735031e+03
   1.2737963e+03
   1.2740897e+03
   1.2743831e+03
   1.2746766e+03
   1.2749701e+03
   1.2752637e+03
   1.2755574e+03
   1.2758511e+03
   1.2761449e+03
   1.2764388e+03
   1.2767328e+03
   1.2770268e+03
   1.2773208e+03
   1.2776150e+03
   1.2779092e+03
   1.2782035e+03
   1.2784978e+03
   1.2787923e+03
   1.2790867e+03
   1.2793813e+03
   1.2796759e+03
   1.2799706e+03
   1.2802654e+03
   1.2805602e+03
   1.2808551e+03
   1.2811501e+03
   1.2814451e+03
   1.2817402e+03
   1.2820353e+03
   1.2823306e+03
   1.2826259e+03
   1.2829213e+03
   1.2832167e+03
   1.2835122e+03
   1.2838078e+03
   1.2841034e+03
   1.2843991e+03
   1.2846949e+03
   1.2849907e+03
   1.2852867e+03
   1.2855826e+03
   1.2858787e+03
   1.2861748e+03
   1.2864710e+03
   1.2867673e+03
   1.2870636e+03
   1.2873600e+03
   1.2876564e+03
   1.2879530e+03
   1.2882496e+03
   1.2885462e+03
   1.2888429e+03
   1.2891398e+03
   1.2894366e+03
   1.2897336e+03
   1.2900306e+03
   1.2903276e+03
   1.2906248e+03
   1.2909220e+03
   1.2912193e+03
   1.2915166e+03
   1.2918140e+03
   1.2921115e+03
   1.2924091e+03
   1.2927067e+03
   1.2930044e+03
   1.2933022e+03
   1.2936000e+03
   1.2938979e+03
   1.2941958e+03
   1.2944939e+03
   1.2947920e+03
   1.2950901e+03
   1.2953884e+03
   1.2956867e+03
   1.2959851e+03
   1.2962835e+03
   1.2965820e+03
   1.2968806e+03
   1.2971793e+03
   1.2974780e+03
   1.2977768e+03
   1.2980756e+03
   1.2983746e+03
   1.2986736e+03
   1.2989726e+03
   1.2992718e+03
   1.2995710e+03
   1.2998702e+03
   1.3001696e+03
   1.3004690e+03
   1.3007685e+03
   1.3010680e+03
   1.3013676e+03
   1.3016673e+03
   1.3019671e+03
   1.3022669e+03
   1.3025668e+03
   1.3028667e+03
   1.3031668e+03
   1.3034669e+03
   1.3037670e+03
   1.3040673e+03
   1.3043676e+03
   1.3046680e+03
   1.3049684e+03
   1.3052689e+03
   1.3055695e+03
   1.3058702e+03
   1.3061709e+03
   1.3064717e+03
   1.3067725e+03
   1.3070735e+03
   1.3073745e+03
   1.3076755e+03
   1.3079767e+03
   1.3082779e+03
   1.3085792e+03
   1.3088805e+03
   1.3091819e+03
   1.3094834e+03
   1.3097850e+03
   1.3100866e+03
   1.3103883e+03
   1.3106900e+03
   1.3109919e+03
   1.3112938e+03
   1.3115957e+03
   1.3118978e+03
   1.3121999e+03
   1.3125021e+03
   1.3128043e+03
   1.3131066e+03
   1.3134090e+03
   1.3137115e+03
   1.3140140e+03
   1.3143166e+03
   1.3146193e+03
   1.3149220e+03
   1.3152248e+03
   1.3155277e+03
   1.3158307e+03
   1.3161337e+03
   1.3164368e+03
   1.3167399e+03
   1.3170431e+03
   1.3173464e+03
   1.3176498e+03
   1.3179532e+03
   1.3182567e+03
   1.3185603e+03
   1.3188640e+03
   1.3191677e+03
   1.3194715e+03
   1.3197753e+03
   1.3200792e+03
   1.3203832e+03
   1.3206873e+03
   1.3209914e+03
   1.3212956e+03
   1.3215999e+03
   1.3219043e+03
   1.3222087e+03
   1.3225132e+03
   1.3228177e+03
   1.3231223e+03
   1.3234270e+03
   1.3237318e+03
   1.3240366e+03
   1.3243415e+03
   1.3246465e+03
   1.3249516e+03
   1.3252567e+03
   1.3255619e+03
   1.3258671e+03
   1.3261724e+03
   1.3264778e+03
   1.3267833e+03
   1.3270888e+03
   1.3273945e+03
   1.3277001e+03
   1.3280059e+03
   1.3283117e+03
   1.3286176e+03
   1.3289236e+03
   1.3292296e+03
   1.3295357e+03
   1.3298419e+03
   1.3301481e+03
   1.3304544e+03
   1.3307608e+03
   1.3310673e+03
   1.3313738e+03
   1.3316804e+03
   1.3319870e+03
   1.3322938e+03
   1.3326006e+03
   1.3329075e+03
   1.3332144e+03
   1.3335214e+03
   1.3338285e+03
   1.3341357e+03
   1.3344429e+03
   1.3347502e+03
   1.3350576e+03
   1.3353650e+03
   1.3356725e+03
   1.3359801e+03
   1.3362878e+03
   1.3365955e+03
   1.3369033e+03
   1.3372112e+03
   1.3375191e+03
   1.3378271e+03
   1.3381352e+03
   1.3384434e+03
   1.3387516e+03
   1.3390599e+03
   1.3393683e+03
   1.3396767e+03
   1.3399852e+03
   1.3402938e+03
   1.3406024e+03
   1.3409111e+03
   1.3412199e+03
   1.3415288e+03
   1.3418377e+03
   1.3421467e+03
   1.3424558e+03
   1.3427650e+03
   1.3430742e+03
   1.3433835e+03
   1.3436928e+03
   1.3440023e+03
   1.3443118e+03
   1.3446213e+03
   1.3449310e+03
   1.3452407e+03
   1.3455505e+03
   1.3458604e+03
   1.3461703e+03
   1.3464803e+03
   1.3467904e+03
   1.3471005e+03
   1.3474107e+03
   1.3477210e+03
   1.3480314e+03
   1.3483418e+03
   1.3486523e+03
   1.3489629e+03
   1.3492735e+03
   1.3495842e+03
   1.3498950e+03
   1.3502059e+03
   1.3505168e+03
   1.3508278e+03
   1.3511389e+03
   1.3514501e+03
   1.3517613e+03
   1.3520726e+03
   1.3523839e+03
   1.3526954e+03
   1.3530069e+03
   1.3533184e+03
   1.3536301e+03
   1.3539418e+03
   1.3542536e+03
   1.3545655e+03
   1.3548774e+03
   1.3551894e+03
   1.3555015e+03
   1.3558136e+03
   1.3561259e+03
   1.3564382e+03
   1.3567505e+03
   1.3570630e+03
   1.3573755e+03
   1.3576881e+03
   1.3580007e+03
   1.3583134e+03
   1.3586262e+03
   1.3589391e+03
   1.3592521e+03
   1.3595651e+03
   1.3598782e+03
   1.3601913e+03
   1.3605046e+03
   1.3608179e+03
   1.3611312e+03
   1.3614447e+03
   1.3617582e+03
   1.3620718e+03
   1.3623855e+03
   1.3626992e+03
   1.3630130e+03
   1.3633269e+03
   1.3636408e+03
   1.3639549e+03
   1.3642690e+03
   1.3645831e+03
   1.3648974e+03
   1.3652117e+03
   1.3655261e+03
   1.3658405e+03
   1.3661551e+03
   1.3664697e+03
   1.3667844e+03
   1.3670991e+03
   1.3674139e+03
   1.3677288e+03
   1.3680438e+03
   1.3683588e+03
   1.3686739e+03
   1.3689891e+03
   1.3693044e+03
   1.3696197e+03
   1.3699351e+03
   1.3702506e+03
   1.3705661e+03
   1.3708818e+03
   1.3711975e+03
   1.3715132e+03
   1.3718291e+03
   1.3721450e+03
   1.3724610e+03
   1.3727770e+03
   1.3730931e+03
   1.3734094e+03
   1.3737256e+03
   1.3740420e+03
   1.3743584e+03
   1.3746749e+03
   1.3749915e+03
   1.3753081e+03
   1.3756248e+03
   1.3759416e+03
   1.3762585e+03
   1.3765754e+03
   1.3768924e+03
   1.3772095e+03
   1.3775266e+03
   1.3778438e+03
   1.3781611e+03
   1.3784785e+03
   1.3787960e+03
   1.3791135e+03
   1.3794311e+03
   1.3797487e+03
   1.3800665e+03
   1.3803843e+03
   1.3807021e+03
   1.3810201e+03
   1.3813381e+03
   1.3816562e+03
   1.3819744e+03
   1.3822927e+03
   1.3826110e+03
   1.3829294e+03
   1.3832478e+03
   1.3835664e+03
   1.3838850e+03
   1.3842037e+03
   1.3845224e+03
   1.3848413e+03
   1.3851602e+03
   1.3854792e+03
   1.3857982e+03
   1.3861174e+03
   1.3864366e+03
   1.3867558e+03
   1.3870752e+03
   1.3873946e+03
   1.3877141e+03
   1.3880337e+03
   1.3883533e+03
   1.3886730e+03
   1.3889928e+03
   1.3893127e+03
   1.3896326e+03
   1.3899526e+03
   1.3902727e+03
   1.3905929e+03
   1.3909131e+03
   1.3912334e+03
   1.3915538e+03
   1.3918742e+03
   1.3921948e+03
   1.3925154e+03
   1.3928361e+03
   1.3931568e+03
   1.3934776e+03
   1.3937985e+03
   1.3941195e+03
   1.3944405e+03
   1.3947617e+03
   1.3950829e+03
   1.3954041e+03
   1.3957255e+03
   1.3960469e+03
   1.3963684e+03
   1.3966899e+03
   1.3970116e+03
   1.3973333e+03
   1.3976551e+03
   1.3979769e+03
   1.3982988e+03
   1.3986209e+03
   1.3989429e+03
   1.3992651e+03
   1.3995873e+03
   1.3999096e+03
   1.4002320e+03
   1.4005545e+03
   1.4008770e+03
   1.4011996e+03
   1.4015223e+03
   1.4018450e+03
   1.4021678e+03
   1.4024907e+03
   1.4028137e+03
   1.4031368e+03
   1.4034599e+03
   1.4037831e+03
   1.4041063e+03
   1.4044297e+03
   1.4047531e+03
   1.4050766e+03
   1.4054002e+03
   1.4057238e+03
   1.4060475e+03
   1.4063713e+03
   1.4066952e+03
   1.4070191e+03
   1.4073431e+03
   1.4076672e+03
   1.4079914e+03
   1.4083156e+03
   1.4086399e+03
   1.4089643e+03
   1.4092888e+03
   1.4096133e+03
   1.4099379e+03
   1.4102626e+03
   1.4105874e+03
   1.4109122e+03
   1.4112371e+03
   1.4115621e+03
   1.4118872e+03
   1.4122123e+03
   1.4125375e+03
   1.4128628e+03
   1.4131882e+03
   1.4135136e+03
   1.4138391e+03
   1.4141647e+03
   1.4144904e+03
   1.4148161e+03
   1.4151419e+03
   1.4154678e+03
   1.4157938e+03
   1.4161198e+03
   1.4164459e+03
   1.4167721e+03
   1.4170984e+03
   1.4174247e+03
   1.4177511e+03
   1.4180776e+03
   1.4184042e+03
   1.4187308e+03
   1.4190575e+03
   1.4193843e+03
   1.4197112e+03
   1.4200381e+03
   1.4203651e+03
   1.4206922e+03
   1.4210194e+03
   1.4213466e+03
   1.4216739e+03
   1.4220013e+03
   1.4223288e+03
   1.4226563e+03
   1.4229839e+03
   1.4233116e+03
   1.4236394e+03
   1.4239672e+03
   1.4242952e+03
   1.4246232e+03
   1.4249512e+03
   1.4252794e+03
   1.4256076e+03
   1.4259359e+03
   1.4262643e+03
   1.4265927e+03
   1.4269212e+03
   1.4272498e+03
   1.4275785e+03
   1.4279073e+03
   1.4282361e+03
   1.4285650e+03
   1.4288940e+03
   1.4292230e+03
   1.4295521e+03
   1.4298813e+03
   1.4302106e+03
   1.4305400e+03
   1.4308694e+03
   1.4311989e+03
   1.4315285e+03
   1.4318582e+03
   1.4321879e+03
   1.4325177e+03
   1.4328476e+03
   1.4331776e+03
   1.4335076e+03
   1.4338377e+03
   1.4341679e+03
   1.4344982e+03
   1.4348285e+03
   1.4351589e+03
   1.4354894e+03
   1.4358200e+03
   1.4361507e+03
   1.4364814e+03
   1.4368122e+03
   1.4371431e+03
   1.4374740e+03
   1.4378050e+03
   1.4381361e+03
   1.4384673e+03
   1.4387986e+03
   1.4391299e+03
   1.4394613e+03
   1.4397928e+03
   1.4401244e+03
   1.4404560e+03
   1.4407877e+03
   1.4411195e+03
   1.4414514e+03
   1.4417833e+03
   1.4421154e+03
   1.4424474e+03
   1.4427796e+03
   1.4431119e+03
   1.4434442e+03
   1.4437766e+03
   1.4441091e+03
   1.4444416e+03
   1.4447743e+03
   1.4451070e+03
   1.4454398e+03
   1.4457726e+03
   1.4461056e+03
   1.4464386e+03
   1.4467717e+03
   1.4471049e+03
   1.4474381e+03
   1.4477714e+03
   1.4481048e+03
   1.4484383e+03
   1.4487719e+03
   1.4491055e+03
   1.4494392e+03
   1.4497730e+03
   1.4501068e+03
   1.4504408e+03
   1.4507748e+03
   1.4511089e+03
   1.4514430e+03
   1.4517773e+03
   1.4521116e+03
   1.4524460e+03
   1.4527805e+03
   1.4531150e+03
   1.4534497e+03
   1.4537844e+03
   1.4541192e+03
   1.4544540e+03
   1.4547890e+03
   1.4551240e+03
   1.4554591e+03
   1.4557943e+03
   1.4561295e+03
   1.4564648e+03
   1.4568002e+03
   1.4571357e+03
   1.4574713e+03
   1.4578069e+03
   1.4581426e+03
   1.4584784e+03
   1.4588143e+03
   1.4591502e+03
   1.4594862e+03
   1.4598223e+03
   1.4601585e+03
   1.4604947e+03
   1.4608311e+03
   1.4611675e+03
   1.4615040e+03
   1.4618405e+03
   1.4621772e+03
   1.4625139e+03
   1.4628507e+03
   1.4631876e+03
   1.4635245e+03
   1.4638615e+03
   1.4641986e+03
   1.4645358e+03
   1.4648731e+03
   1.4652104e+03
   1.4655478e+03
   1.4658853e+03
   1.4662229e+03
   1.4665606e+03
   1.4668983e+03
   1.4672361e+03
   1.4675740e+03
   1.4679119e+03
   1.4682500e+03
   1.4685881e+03
   1.4689263e+03
   1.4692645e+03
   1.4696029e+03
   1.4699413e+03
   1.4702798e+03
   1.4706184e+03
   1.4709571e+03
   1.4712958e+03
   1.4716346e+03
   1.4719735e+03
   1.4723125e+03
   1.4726516e+03
   1.4729907e+03
   1.4733299e+03
   1.4736692e+03
   1.4740085e+03
   1.4743480e+03
   1.4746875e+03
   1.4750271e+03
   1.4753668e+03
   1.4757065e+03
   1.4760464e+03
   1.4763863e+03
   1.4767263e+03
   1.4770663e+03
   1.4774065e+03
   1.4777467e+03
   1.4780870e+03
   1.4784274e+03
   1.4787679e+03
   1.4791084e+03
   1.4794490e+03
   1.4797897e+03
   1.4801305e+03
   1.4804713e+03
   1.4808123e+03
   1.4811533e+03
   1.4814944e+03
   1.4818355e+03
   1.4821768e+03
   1.4825181e+03
   1.4828595e+03
   1.4832010e+03
   1.4835425e+03
   1.4838842e+03
   1.4842259e+03
   1.4845677e+03
   1.4849095e+03
   1.4852515e+03
   1.4855935e+03
   1.4859356e+03
   1.4862778e+03
   1.4866201e+03
   1.4869624e+03
   1.4873049e+03
   1.4876474e+03
   1.4879900e+03
   1.4883326e+03
   1.4886754e+03
   1.4890182e+03
   1.4893611e+03
   1.4897041e+03
   1.4900471e+03
   1.4903902e+03
   1.4907335e+03
   1.4910768e+03
   1.4914201e+03
   1.4917636e+03
   1.4921071e+03
   1.4924507e+03
   1.4927944e+03
   1.4931382e+03
   1.4934820e+03
   1.4938260e+03
   1.4941700e+03
   1.4945140e+03
   1.4948582e+03
   1.4952025e+03
   1.4955468e+03
   1.4958912e+03
   1.4962357e+03
   1.4965802e+03
   1.4969249e+03
   1.4972696e+03
   1.4976144e+03
   1.4979593e+03
   1.4983042e+03
   1.4986492e+03
   1.4989944e+03
   1.4993396e+03
   1.4996848e+03
   1.5000302e+03
   1.5003756e+03
   1.5007211e+03
   1.5010667e+03
   1.5014124e+03
   1.5017582e+03
   1.5021040e+03
   1.5024499e+03
   1.5027959e+03
   1.5031420e+03
   1.5034881e+03
   1.5038343e+03
   1.5041807e+03
   1.5045270e+03
   1.5048735e+03
   1.5052201e+03
   1.5055667e+03
   1.5059134e+03
   1.5062602e+03
   1.5066071e+03
   1.5069540e+03
   1.5073010e+03
   1.5076482e+03
   1.5079953e+03
   1.5083426e+03
   1.5086900e+03
   1.5090374e+03
   1.5093849e+03
   1.5097325e+03
   1.5100802e+03
   1.5104279e+03
   1.5107757e+03
   1.5111236e+03
   1.5114716e+03
   1.5118197e+03
   1.5121678e+03
   1.5125161e+03
   1.5128644e+03
   1.5132128e+03
   1.5135612e+03
   1.5139098e+03
   1.5142584e+03
   1.5146071e+03
   1.5149559e+03
   1.5153048e+03
   1.5156538e+03
   1.5160028e+03
   1.5163519e+03
   1.5167011e+03
   1.5170504e+03
   1.5173997e+03
   1.5177492e+03
   1.5180987e+03
   1.5184483e+03
   1.5187979e+03
   1.5191477e+03
   1.5194975e+03
   1.5198475e+03
   1.5201975e+03
   1.5205475e+03
   1.5208977e+03
   1.5212479e+03
   1.5215982e+03
   1.5219487e+03
   1.5222991e+03
   1.5226497e+03
   1.5230003e+03
   1.5233511e+03
   1.5237019e+03
   1.5240528e+03
   1.5244037e+03
   1.5247548e+03
   1.5251059e+03
   1.5254571e+03
   1.5258084e+03
   1.5261598e+03
   1.5265112e+03
   1.5268628e+03
   1.5272144e+03
   1.5275661e+03
   1.5279178e+03
   1.5282697e+03
   1.5286216e+03
   1.5289736e+03
   1.5293257e+03
   1.5296779e+03
   1.5300302e+03
   1.5303825e+03
   1.5307350e+03
   1.5310875e+03
   1.5314400e+03
   1.5317927e+03
   1.5321455e+03
   1.5324983e+03
   1.5328512e+03
   1.5332042e+03
   1.5335573e+03
   1.5339104e+03
   1.5342637e+03
   1.5346170e+03
   1.5349704e+03
   1.5353239e+03
   1.5356774e+03
   1.5360311e+03
   1.5363848e+03
   1.5367386e+03
   1.5370925e+03
   1.5374465e+03
   1.5378005e+03
   1.5381546e+03
   1.5385089e+03
   1.5388631e+03
   1.5392175e+03
   1.5395720e+03
   1.5399265e+03
   1.5402811e+03
   1.5406359e+03
   1.5409906e+03
   1.5413455e+03
   1.5417005e+03
   1.5420555e+03
   1.5424106e+03
   1.5427658e+03
   1.5431211e+03
   1.5434764e+03
   1.5438319e+03
   1.5441874e+03
   1.5445430e+03
   1.5448987e+03
   1.5452544e+03
   1.5456103e+03
   1.5459662e+03
   1.5463222e+03
   1.5466783e+03
   1.5470345e+03
   1.5473908e+03
   1.5477471e+03
   1.5481035e+03
   1.5484600e+03
   1.5488166e+03
   1.5491733e+03
   1.5495300e+03
   1.5498869e+03
   1.5502438e+03
   1.5506008e+03
   1.5509579e+03
   1.5513150e+03
   1.5516723e+03
   1.5520296e+03
   1.5523870e+03
   1.5527445e+03
   1.5531021e+03
   1.5534597e+03
   1.5538175e+03
   1.5541753e+03
   1.5545332e+03
   1.5548912e+03
   1.5552492e+03
   1.5556074e+03
   1.5559656e+03
   1.5563239e+03
   1.5566823e+03
   1.5570408e+03
   1.5573994e+03
   1.5577580e+03
   1.5581168e+03
   1.5584756e+03
   1.5588345e+03
   1.5591934e+03
   1.5595525e+03
   1.5599116e+03
   1.5602709e+03
   1.5606302e+03
   1.5609896e+03
   1.5613490e+03
   1.5617086e+03
   1.5620682e+03
   1.5624280e+03
   1.5627878e+03
   1.5631476e+03
   1.5635076e+03
   1.5638677e+03
   1.5642278e+03
   1.5645880e+03
   1.5649483e+03
   1.5653087e+03
   1.5656692e+03
   1.5660297e+03
   1.5663904e+03
   1.5667511e+03
   1.5671119e+03
   1.5674728e+03
   1.5678337e+03
   1.5681948e+03
   1.5685559e+03
   1.5689171e+03
   1.5692784e+03
   1.5696398e+03
   1.5700013e+03
   1.5703628e+03
   1.5707244e+03
   1.5710861e+03
   1.5714479e+03
   1.5718098e+03
   1.5721718e+03
   1.5725338e+03
   1.5728960e+03
   1.5732582e+03
   1.5736205e+03
   1.5739829e+03
   1.5743453e+03
   1.5747079e+03
   1.5750705e+03
   1.5754332e+03
   1.5757960e+03
   1.5761589e+03
   1.5765219e+03
   1.5768849e+03
   1.5772481e+03
   1.5776113e+03
   1.5779746e+03
   1.5783380e+03
   1.5787014e+03
   1.5790650e+03
   1.5794286e+03
   1.5797923e+03
   1.5801561e+03
   1.5805200e+03
   1.5808840e+03
   1.5812480e+03
   1.5816122e+03
   1.5819764e+03
   1.5823407e+03
   1.5827051e+03
   1.5830696e+03
   1.5834341e+03
   1.5837988e+03
   1.5841635e+03
   1.5845283e+03
   1.5848932e+03
   1.5852582e+03
   1.5856232e+03
   1.5859884e+03
   1.5863536e+03
   1.5867189e+03
   1.5870843e+03
   1.5874498e+03
   1.5878154e+03
   1.5881810e+03
   1.5885467e+03
   1.5889126e+03
   1.5892785e+03
   1.5896445e+03
   1.5900105e+03
   1.5903767e+03
   1.5907429e+03
   1.5911092e+03
   1.5914757e+03
   1.5918421e+03
   1.5922087e+03
   1.5925754e+03
   1.5929421e+03
   1.5933090e+03
   1.5936759e+03
   1.5940429e+03
   1.5944100e+03
   1.5947771e+03
   1.5951444e+03
   1.5955117e+03
   1.5958791e+03
   1.5962467e+03
   1.5966142e+03
   1.5969819e+03
   1.5973497e+03
   1.5977175e+03
   1.5980855e+03
   1.5984535e+03
   1.5988216e+03
   1.5991898e+03
   1.5995580e+03
   1.5999264e+03
   1.6002948e+03
   1.6006633e+03
   1.6010320e+03
   1.6014006e+03
   1.6017694e+03
   1.6021383e+03
   1.6025072e+03
   1.6028763e+03
   1.6032454e+03
   1.6036146e+03
   1.6039839e+03
   1.6043533e+03
   1.6047227e+03
   1.6050923e+03
   1.6054619e+03
   1.6058316e+03
   1.6062014e+03
   1.6065713e+03
   1.6069413e+03
   1.6073113e+03
   1.6076814e+03
   1.6080517e+03
   1.6084220e+03
   1.6087924e+03
   1.6091629e+03
   1.6095334e+03
   1.6099041e+03
   1.6102748e+03
   1.6106456e+03
   1.6110165e+03
   1.6113875e+03
   1.6117586e+03
   1.6121298e+03
   1.6125010e+03
   1.6128724e+03
   1.6132438e+03
   1.6136153e+03
   1.6139869e+03
   1.6143586e+03
   1.6147303e+03
   1.6151022e+03
   1.6154741e+03
   1.6158461e+03
   1.6162182e+03
   1.6165904e+03
   1.6169627e+03
   1.6173351e+03
   1.6177075e+03
   1.6180800e+03
   1.6184527e+03
   1.6188254e+03
   1.6191982e+03
   1.6195710e+03
   1.6199440e+03
   1.6203170e+03
   1.6206902e+03
   1.6210634e+03
   1.6214367e+03
   1.6218101e+03
   1.6221836e+03
   1.6225571e+03
   1.6229308e+03
   1.6233045e+03
   1.6236784e+03
   1.6240523e+03
   1.6244263e+03
   1.6248003e+03
   1.6251745e+03
   1.6255488e+03
   1.6259231e+03
   1.6262975e+03
   1.6266720e+03
   1.6270466e+03
   1.6274213e+03
   1.6277961e+03
   1.6281709e+03
   1.6285459e+03
   1.6289209e+03
   1.6292960e+03
   1.6296712e+03
   1.6300465e+03
   1.6304219e+03
   1.6307974e+03
   1.6311729e+03
   1.6315485e+03
   1.6319243e+03
   1.6323001e+03
   1.6326760e+03
   1.6330519e+03
   1.6334280e+03
   1.6338042e+03
   1.6341804e+03
   1.6345567e+03
   1.6349332e+03
   1.6353097e+03
   1.6356862e+03
   1.6360629e+03
   1.6364397e+03
   1.6368165e+03
   1.6371935e+03
   1.6375705e+03
   1.6379476e+03
   1.6383248e+03
   1.6387021e+03
   1.6390794e+03
   1.6394569e+03
   1.6398344e+03
   1.6402121e+03
   1.6405898e+03
   1.6409676e+03
   1.6413455e+03
   1.6417234e+03
   1.6421015e+03
   1.6424797e+03
   1.6428579e+03
   1.6432362e+03
   1.6436146e+03
   1.6439931e+03
   1.6443717e+03
   1.6447504e+03
   1.6451292e+03
   1.6455080e+03
   1.6458869e+03
   1.6462660e+03
   1.6466451e+03
   1.6470243e+03
   1.6474036e+03
   1.6477829e+03
   1.6481624e+03
   1.6485419e+03
   1.6489216e+03
   1.6493013e+03
   1.6496811e+03
   1.6500610e+03
   1.6504410e+03
   1.6508211e+03
   1.6512012e+03
   1.6515815e+03
   1.6519618e+03
   1.6523422e+03
   1.6527227e+03
   1.6531033e+03
   1.6534840e+03
   1.6538648e+03
   1.6542456e+03
   1.6546266e+03
   1.6550076e+03
   1.6553888e+03
   1.6557700e+03
   1.6561513e+03
   1.6565326e+03
   1.6569141e+03
   1.6572957e+03
   1.6576773e+03
   1.6580591e+03
   1.6584409e+03
   1.6588228e+03
   1.6592048e+03
   1.6595869e+03
   1.6599691e+03
   1.6603514e+03
   1.6607337e+03
   1.6611161e+03
   1.6614987e+03
   1.6618813e+03
   1.6622640e+03
   1.6626468e+03
   1.6630297e+03
   1.6634127e+03
   1.6637957e+03
   1.6641789e+03
   1.6645621e+03
   1.6649454e+03
   1.6653288e+03
   1.6657123e+03
   1.6660959e+03
   1.6664796e+03
   1.6668634e+03
   1.6672472e+03
   1.6676312e+03
   1.6680152e+03
   1.6683993e+03
   1.6687835e+03
   1.6691678e+03
   1.6695522e+03
   1.6699367e+03
   1.6703212e+03
   1.6707059e+03
   1.6710906e+03
   1.6714754e+03
   1.6718604e+03
   1.6722454e+03
   1.6726305e+03
   1.6730156e+03
   1.6734009e+03
   1.6737863e+03
   1.6741717e+03
   1.6745573e+03
   1.6749429e+03
   1.6753286e+03
   1.6757144e+03
   1.6761003e+03
   1.6764863e+03
   1.6768723e+03
   1.6772585e+03
   1.6776447e+03
   1.6780311e+03
   1.6784175e+03
   1.6788040e+03
   1.6791906e+03
   1.6795773e+03
   1.6799641e+03
   1.6803510e+03
   1.6807379e+03
   1.6811250e+03
   1.6815121e+03
   1.6818993e+03
   1.6822867e+03
   1.6826741e+03
   1.6830616e+03
   1.6834491e+03
   1.6838368e+03
   1.6842246e+03
   1.6846124e+03
   1.6850004e+03
   1.6853884e+03
   1.6857765e+03
   1.6861647e+03
   1.6865530e+03
   1.6869414e+03
   1.6873299e+03
   1.6877185e+03
   1.6881071e+03
   1.6884959e+03
   1.6888847e+03
   1.6892736e+03
   1.6896626e+03
   1.6900517e+03
   1.6904409e+03
   1.6908302e+03
   1.6912196e+03
   1.6916091e+03
   1.6919986e+03
   1.6923882e+03
   1.6927780e+03
   1.6931678e+03
   1.6935577e+03
   1.6939477e+03
   1.6943378e+03
   1.6947280e+03
   1.6951183e+03
   1.6955086e+03
   1.6958991e+03
   1.6962896e+03
   1.6966802e+03
   1.6970710e+03
   1.6974618e+03
   1.6978527e+03
   1.6982437e+03
   1.6986347e+03
   1.6990259e+03
   1.6994172e+03
   1.6998085e+03
   1.7002000e+03
   1.7005915e+03
   1.7009831e+03
   1.7013748e+03
   1.7017666e+03
   1.7021585e+03
   1.7025505e+03
   1.7029426e+03
   1.7033347e+03
   1.7037270e+03
   1.7041193e+03
   1.7045118e+03
   1.7049043e+03
   1.7052969e+03
   1.7056896e+03
   1.7060824e+03
   1.7064753e+03
   1.7068682e+03
   1.7072613e+03
   1.7076545e+03
   1.7080477e+03
   1.7084411e+03
   1.7088345e+03
   1.7092280e+03
   1.7096216e+03
   1.7100153e+03
   1.7104091e+03
   1.7108030e+03
   1.7111970e+03
   1.7115910e+03
   1.7119852e+03
   1.7123794e+03
   1.7127738e+03
   1.7131682e+03
   1.7135627e+03
   1.7139573e+03
   1.7143520e+03
   1.7147468e+03
   1.7151417e+03
   1.7155366e+03
   1.7159317e+03
   1.7163269e+03
   1.7167221e+03
   1.7171174e+03
   1.7175129e+03
   1.7179084e+03
   1.7183040e+03
   1.7186997e+03
   1.7190955e+03
   1.7194914e+03
   1.7198873e+03
   1.7202834e+03
   1.7206796e+03
   1.7210758e+03
   1.7214721e+03
   1.7218686e+03
   1.7222651e+03
   1.7226617e+03
   1.7230584e+03
   1.7234552e+03
   1.7238521e+03
   1.7242491e+03
   1.7246461e+03
   1.7250433e+03
   1.7254405e+03
   1.7258379e+03
   1.7262353e+03
   1.7266329e+03
   1.7270305e+03
   1.7274282e+03
   1.7278260e+03
   1.7282239e+03
   1.7286219e+03
   1.7290199e+03
   1.7294181e+03
   1.7298164e+03
   1.7302147e+03
   1.7306132e+03
   1.7310117e+03
   1.7314103e+03
   1.7318090e+03
   1.7322078e+03
   1.7326067e+03
   1.7330057e+03
   1.7334048e+03
   1.7338040e+03
   1.7342033e+03
   1.7346026e+03
   1.7350021e+03
   1.7354016e+03
   1.7358013e+03
   1.7362010e+03
   1.7366008e+03
   1.7370007e+03
   1.7374007e+03
   1.7378008e+03
   1.7382010e+03
   1.7386013e+03
   1.7390017e+03
   1.7394021e+03
   1.7398027e+03
   1.7402033e+03
   1.7406041e+03
   1.7410049e+03
   1.7414059e+03
   1.7418069e+03
   1.7422080e+03
   1.7426092e+03
   1.7430105e+03
   1.7434119e+03
   1.7438134e+03
   1.7442149e+03
   1.7446166e+03
   1.7450184e+03
   1.7454202e+03
   1.7458222e+03
   1.7462242e+03
   1.7466263e+03
   1.7470285e+03
   1.7474309e+03
   1.7478333e+03
   1.7482358e+03
   1.7486384e+03
   1.7490410e+03
   1.7494438e+03
   1.7498467e+03
   1.7502497e+03
   1.7506527e+03
   1.7510559e+03
   1.7514591e+03
   1.7518624e+03
   1.7522659e+03
   1.7526694e+03
   1.7530730e+03
   1.7534767e+03
   1.7538805e+03
   1.7542844e+03
   1.7546884e+03
   1.7550925e+03
   1.7554966e+03
   1.7559009e+03
   1.7563053e+03
   1.7567097e+03
   1.7571142e+03
   1.7575189e+03
   1.7579236e+03
   1.7583284e+03
   1.7587334e+03
   1.7591384e+03
   1.7595435e+03
   1.7599487e+03
   1.7603540e+03
   1.7607593e+03
   1.7611648e+03
   1.7615704e+03
   1.7619760e+03
   1.7623818e+03
   1.7627877e+03
   1.7631936e+03
   1.7635996e+03
   1.7640058e+03
   1.7644120e+03
   1.7648183e+03
   1.7652247e+03
   1.7656312e+03
   1.7660378e+03
   1.7664445e+03
   1.7668513e+03
   1.7672582e+03
   1.7676652e+03
   1.7680722e+03
   1.7684794e+03
   1.7688866e+03
   1.7692940e+03
   1.7697014e+03
   1.7701090e+03
   1.7705166e+03
   1.7709243e+03
   1.7713321e+03
   1.7717400e+03
   1.7721480e+03
   1.7725561e+03
   1.7729643e+03
   1.7733726e+03
   1.7737810e+03
   1.7741895e+03
   1.7745981e+03
   1.7750067e+03
   1.7754155e+03
   1.7758243e+03
   1.7762333e+03
   1.7766423e+03
   1.7770514e+03
   1.7774607e+03
   1.7778700e+03
   1.7782794e+03
   1.7786889e+03
   1.7790985e+03
   1.7795082e+03
   1.7799180e+03
   1.7803279e+03
   1.7807379e+03
   1.7811480e+03
   1.7815581e+03
   1.7819684e+03
   1.7823788e+03
   1.7827892e+03
   1.7831998e+03
   1.7836104e+03
   1.7840212e+03
   1.7844320e+03
   1.7848429e+03
   1.7852539e+03
   1.7856651e+03
   1.7860763e+03
   1.7864876e+03
   1.7868990e+03
   1.7873105e+03
   1.7877221e+03
   1.7881337e+03
   1.7885455e+03
   1.7889574e+03
   1.7893694e+03
   1.7897814e+03
   1.7901936e+03
   1.7906059e+03
   1.7910182e+03
   1.7914306e+03
   1.7918432e+03
   1.7922558e+03
   1.7926686e+03
   1.7930814e+03
   1.7934943e+03
   1.7939073e+03
   1.7943204e+03
   1.7947336e+03
   1.7951469e+03
   1.7955603e+03
   1.7959738e+03
   1.7963874e+03
   1.7968011e+03
   1.7972149e+03
   1.7976287e+03
   1.7980427e+03
   1.7984568e+03
   1.7988709e+03
   1.7992852e+03
   1.7996995e+03
   1.8001140e+03
   1.8005285e+03
   1.8009431e+03
   1.8013579e+03
   1.8017727e+03
   1.8021876e+03
   1.8026026e+03
   1.8030177e+03
   1.8034329e+03
   1.8038483e+03
   1.8042637e+03
   1.8046791e+03
   1.8050947e+03
   1.8055104e+03
   1.8059262e+03
   1.8063421e+03
   1.8067581e+03
   1.8071741e+03
   1.8075903e+03
   1.8080066e+03
   1.8084229e+03
   1.8088394e+03
   1.8092559e+03
   1.8096726e+03
   1.8100893e+03
   1.8105061e+03
   1.8109231e+03
   1.8113401e+03
   1.8117572e+03
   1.8121744e+03
   1.8125918e+03
   1.8130092e+03
   1.8134267e+03
   1.8138443e+03
   1.8142620e+03
   1.8146798e+03
   1.8150977e+03
   1.8155157e+03
   1.8159337e+03
   1.8163519e+03
   1.8167702e+03
   1.8171886e+03
   1.8176071e+03
   1.8180256e+03
   1.8184443e+03
   1.8188630e+03
   1.8192819e+03
   1.8197009e+03
   1.8201199e+03
   1.8205391e+03
   1.8209583e+03
   1.8213776e+03
   1.8217971e+03
   1.8222166e+03
   1.8226362e+03
   1.8230560e+03
   1.8234758e+03
   1.8238957e+03
   1.8243157e+03
   1.8247358e+03
   1.8251560e+03
   1.8255763e+03
   1.8259967e+03
   1.8264172e+03
   1.8268378e+03
   1.8272585e+03
   1.8276793e+03
   1.8281002e+03
   1.8285212e+03
   1.8289423e+03
   1.8293635e+03
   1.8297847e+03
   1.8302061e+03
   1.8306276e+03
   1.8310491e+03
   1.8314708e+03
   1.8318926e+03
   1.8323144e+03
   1.8327364e+03
   1.8331584e+03
   1.8335806e+03
   1.8340028e+03
   1.8344252e+03
   1.8348476e+03
   1.8352701e+03
   1.8356928e+03
   1.8361155e+03
   1.8365383e+03
   1.8369613e+03
   1.8373843e+03
   1.8378074e+03
   1.8382306e+03
   1.8386540e+03
   1.8390774e+03
   1.8395009e+03
   1.8399245e+03
   1.8403482e+03
   1.8407720e+03
   1.8411959e+03
   1.8416199e+03
   1.8420440e+03
   1.8424682e+03
   1.8428925e+03
   1.8433169e+03
   1.8437414e+03
   1.8441660e+03
   1.8445906e+03
   1.8450154e+03
   1.8454403e+03
   1.8458653e+03
   1.8462904e+03
   1.8467155e+03
   1.8471408e+03
   1.8475662e+03
   1.8479916e+03
   1.8484172e+03
   1.8488429e+03
   1.8492686e+03
   1.8496945e+03
   1.8501204e+03
   1.8505465e+03
   1.8509726e+03
   1.8513989e+03
   1.8518252e+03
   1.8522517e+03
   1.8526782e+03
   1.8531049e+03
   1.8535316e+03
   1.8539585e+03
   1.8543854e+03
   1.8548124e+03
   1.8552396e+03
   1.8556668e+03
   1.8560941e+03
   1.8565216e+03
   1.8569491e+03
   1.8573767e+03
   1.8578045e+03
   1.8582323e+03
   1.8586602e+03
   1.8590882e+03
   1.8595163e+03
   1.8599446e+03
   1.8603729e+03
   1.8608013e+03
   1.8612298e+03
   1.8616584e+03
   1.8620871e+03
   1.8625159e+03
   1.8629449e+03
   1.8633739e+03
   1.8638030e+03
   1.8642322e+03
   1.8646615e+03
   1.8650909e+03
   1.8655204e+03
   1.8659500e+03
   1.8663797e+03
   1.8668095e+03
   1.8672394e+03
   1.8676694e+03
   1.8680995e+03
   1.8685297e+03
   1.8689600e+03
   1.8693904e+03
   1.8698209e+03
   1.8702514e+03
   1.8706821e+03
   1.8711129e+03
   1.8715438e+03
   1.8719748e+03
   1.8724059e+03
   1.8728371e+03
   1.8732684e+03
   1.8736998e+03
   1.8741312e+03
   1.8745628e+03
   1.8749945e+03
   1.8754263e+03
   1.8758582e+03
   1.8762902e+03
   1.8767222e+03
   1.8771544e+03
   1.8775867e+03
   1.8780191e+03
   1.8784516e+03
   1.8788841e+03
   1.8793168e+03
   1.8797496e+03
   1.8801825e+03
   1.8806155e+03
   1.8810485e+03
   1.8814817e+03
   1.8819150e+03
   1.8823484e+03
   1.8827818e+03
   1.8832154e+03
   1.8836491e+03
   1.8840829e+03
   1.8845167e+03
   1.8849507e+03
   1.8853848e+03
   1.8858190e+03
   1.8862532e+03
   1.8866876e+03
   1.8871221e+03
   1.8875567e+03
   1.8879913e+03
   1.8884261e+03
   1.8888610e+03
   1.8892960e+03
   1.8897311e+03
   1.8901662e+03
   1.8906015e+03
   1.8910369e+03
   1.8914724e+03
   1.8919079e+03
   1.8923436e+03
   1.8927794e+03
   1.8932153e+03
   1.8936513e+03
   1.8940873e+03
   1.8945235e+03
   1.8949598e+03
   1.8953962e+03
   1.8958327e+03
   1.8962692e+03
   1.8967059e+03
   1.8971427e+03
   1.8975796e+03
   1.8980166e+03
   1.8984537e+03
   1.8988908e+03
   1.8993281e+03
   1.8997655e+03
   1.9002030e+03
   1.9006406e+03
   1.9010783e+03
   1.9015161e+03
   1.9019540e+03
   1.9023920e+03
   1.9028300e+03
   1.9032682e+03
   1.9037065e+03
   1.9041449e+03
   1.9045834e+03
   1.9050220e+03
   1.9054607e+03
   1.9058995e+03
   1.9063384e+03
   1.9067774e+03
   1.9072165e+03
   1.9076557e+03
   1.9080950e+03
   1.9085344e+03
   1.9089739e+03
   1.9094135e+03
   1.9098533e+03
   1.9102931e+03
   1.9107330e+03
   1.9111730e+03
   1.9116131e+03
   1.9120533e+03
   1.9124936e+03
   1.9129341e+03
   1.9133746e+03
   1.9138152e+03
   1.9142559e+03
   1.9146967e+03
   1.9151377e+03
   1.9155787e+03
   1.9160198e+03
   1.9164611e+03
   1.9169024e+03
   1.9173438e+03
   1.9177854e+03
   1.9182270e+03
   1.9186687e+03
   1.9191106e+03
   1.9195525e+03
   1.9199946e+03
   1.9204367e+03
   1.9208790e+03
   1.9213213e+03
   1.9217638e+03
   1.9222063e+03
   1.9226490e+03
   1.9230917e+03
   1.9235346e+03
   1.9239775e+03
   1.9244206e+03
   1.9248638e+03
   1.9253070e+03
   1.9257504e+03
   1.9261939e+03
   1.9266375e+03
   1.9270811e+03
   1.9275249e+03
   1.9279688e+03
   1.9284128e+03
   1.9288569e+03
   1.9293010e+03
   1.9297453e+03
   1.9301897e+03
   1.9306342e+03
   1.9310788e+03
   1.9315235e+03
   1.9319683e+03
   1.9324132e+03
   1.9328582e+03
   1.9333033e+03
   1.9337485e+03
   1.9341939e+03
   1.9346393e+03
   1.9350848e+03
   1.9355304e+03
   1.9359761e+03
   1.9364220e+03
   1.9368679e+03
   1.9373139e+03
   1.9377601e+03
   1.9382063e+03
   1.9386526e+03
   1.9390991e+03
   1.9395456e+03
   1.9399923e+03
   1.9404390e+03
   1.9408859e+03
   1.9413328e+03
   1.9417799e+03
   1.9422271e+03
   1.9426743e+03
   1.9431217e+03
   1.9435692e+03
   1.9440167e+03
   1.9444644e+03
   1.9449122e+03
   1.9453601e+03
   1.9458081e+03
   1.9462562e+03
   1.9467044e+03
   1.9471526e+03
   1.9476010e+03
   1.9480496e+03
   1.9484982e+03
   1.9489469e+03
   1.9493957e+03
   1.9498446e+03
   1.9502936e+03
   1.9507427e+03
   1.9511920e+03
   1.9516413e+03
   1.9520907e+03
   1.9525403e+03
   1.9529899e+03
   1.9534397e+03
   1.9538895e+03
   1.9543395e+03
   1.9547895e+03
   1.9552397e+03
   1.9556899e+03
   1.9561403e+03
   1.9565908e+03
   1.9570413e+03
   1.9574920e+03
   1.9579428e+03
   1.9583937e+03
   1.9588447e+03
   1.9592958e+03
   1.9597470e+03
   1.9601983e+03
   1.9606497e+03
   1.9611012e+03
   1.9615528e+03
   1.9620045e+03
   1.9624563e+03
   1.9629082e+03
   1.9633603e+03
   1.9638124e+03
   1.9642646e+03
   1.9647170e+03
   1.9651694e+03
   1.9656220e+03
   1.9660746e+03
   1.9665274e+03
   1.9669803e+03
   1.9674332e+03
   1.9678863e+03
   1.9683395e+03
   1.9687927e+03
   1.9692461e+03
   1.9696996e+03
   1.9701532e+03
   1.9706069e+03
   1.9710607e+03
   1.9715146e+03
   1.9719686e+03
   1.9724227e+03
   1.9728770e+03
   1.9733313e+03
   1.9737857e+03
   1.9742402e+03
   1.9746949e+03
   1.9751496e+03
   1.9756045e+03
   1.9760594e+03
   1.9765145e+03
   1.9769696e+03
   1.9774249e+03
   1.9778803e+03
   1.9783358e+03
   1.9787913e+03
   1.9792470e+03
   1.9797028e+03
   1.9801587e+03
   1.9806147e+03
   1.9810708e+03
   1.9815270e+03
   1.9819833e+03
   1.9824398e+03
   1.9828963e+03
   1.9833529e+03
   1.9838097e+03
   1.9842665e+03
   1.9847234e+03
   1.9851805e+03
   1.9856377e+03
   1.9860949e+03
   1.9865523e+03
   1.9870098e+03
   1.9874673e+03
   1.9879250e+03
   1.9883828e+03
   1.9888407e+03
   1.9892987e+03
   1.9897568e+03
   1.9902150e+03
   1.9906733e+03
   1.9911318e+03
   1.9915903e+03
   1.9920489e+03
   1.9925077e+03
   1.9929665e+03
   1.9934255e+03
   1.9938845e+03
   1.9943437e+03
   1.9948029e+03
   1.9952623e+03
   1.9957218e+03
   1.9961814e+03
   1.9966411e+03
   1.9971009e+03
   1.9975608e+03
   1.9980208e+03
   1.9984809e+03
   1.9989411e+03
   1.9994014e+03
   1.9998619e+03
   2.0003224e+03
   2.0007831e+03
   2.0012438e+03
   2.0017047e+03
   2.0021656e+03
   2.0026267e+03
   2.0030879e+03
   2.0035491e+03
   2.0040105e+03
   2.0044720e+03
   2.0049336e+03
   2.0053953e+03
   2.0058571e+03
   2.0063191e+03
   2.0067811e+03
   2.0072432e+03
   2.0077055e+03
   2.0081678e+03
   2.0086303e+03
   2.0090928e+03
   2.0095555e+03
   2.0100182e+03
   2.0104811e+03
   2.0109441e+03
   2.0114072e+03
   2.0118704e+03
   2.0123337e+03
   2.0127971e+03
   2.0132606e+03
   2.0137242e+03
   2.0141880e+03
   2.0146518e+03
   2.0151158e+03
   2.0155798e+03
   2.0160440e+03
   2.0165082e+03
   2.0169726e+03
   2.0174371e+03
   2.0179017e+03
   2.0183664e+03
   2.0188312e+03
   2.0192961e+03
   2.0197611e+03
   2.0202262e+03
   2.0206914e+03
   2.0211568e+03
   2.0216222e+03
   2.0220878e+03
   2.0225534e+03
   2.0230192e+03
   2.0234850e+03
   2.0239510e+03
   2.0244171e+03
   2.0248833e+03
   2.0253496e+03
   2.0258160e+03
   2.0262825e+03
   2.0267492e+03
   2.0272159e+03
   2.0276827e+03
   2.0281497e+03
   2.0286167e+03
   2.0290839e+03
   2.0295511e+03
   2.0300185e+03
   2.0304860e+03
   2.0309536e+03
   2.0314213e+03
   2.0318891e+03
   2.0323570e+03
   2.0328250e+03
   2.0332932e+03
   2.0337614e+03
   2.0342297e+03
   2.0346982e+03
   2.0351668e+03
   2.0356354e+03
   2.0361042e+03
   2.0365731e+03
   2.0370421e+03
   2.0375112e+03
   2.0379804e+03
   2.0384497e+03
   2.0389191e+03
   2.0393887e+03
   2.0398583e+03
   2.0403280e+03
   2.0407979e+03
   2.0412679e+03
   2.0417379e+03
   2.0422081e+03
   2.0426784e+03
   2.0431488e+03
   2.0436193e+03
   2.0440899e+03
   2.0445607e+03
   2.0450315e+03
   2.0455024e+03
   2.0459735e+03
   2.0464446e+03
   2.0469159e+03
   2.0473873e+03
   2.0478588e+03
   2.0483304e+03
   2.0488020e+03
   2.0492739e+03
   2.0497458e+03
   2.0502178e+03
   2.0506899e+03
   2.0511622e+03
   2.0516345e+03
   2.0521070e+03
   2.0525796e+03
   2.0530522e+03
   2.0535250e+03
   2.0539979e+03
   2.0544709e+03
   2.0549440e+03
   2.0554173e+03
   2.0558906e+03
   2.0563640e+03
   2.0568376e+03
   2.0573112e+03
   2.0577850e+03
   2.0582589e+03
   2.0587329e+03
   2.0592070e+03
   2.0596812e+03
   2.0601555e+03
   2.0606299e+03
   2.0611044e+03
   2.0615791e+03
   2.0620538e+03
   2.0625287e+03
   2.0630037e+03
   2.0634787e+03
   2.0639539e+03
   2.0644292e+03
   2.0649046e+03
   2.0653802e+03
   2.0658558e+03
   2.0663315e+03
   2.0668074e+03
   2.0672833e+03
   2.0677594e+03
   2.0682356e+03
   2.0687118e+03
   2.0691882e+03
   2.0696647e+03
   2.0701413e+03
   2.0706181e+03
   2.0710949e+03
   2.0715718e+03
   2.0720489e+03
   2.0725261e+03
   2.0730033e+03
   2.0734807e+03
   2.0739582e+03
   2.0744358e+03
   2.0749135e+03
   2.0753913e+03
   2.0758693e+03
   2.0763473e+03
   2.0768255e+03
   2.0773037e+03
   2.0777821e+03
   2.0782606e+03
   2.0787392e+03
   2.0792179e+03
   2.0796967e+03
   2.0801756e+03
   2.0806546e+03
   2.0811338e+03
   2.0816130e+03
   2.0820924e+03
   2.0825719e+03
   2.0830515e+03
   2.0835312e+03
   2.0840110e+03
   2.0844909e+03
   2.0849709e+03
   2.0854510e+03
   2.0859313e+03
   2.0864117e+03
   2.0868921e+03
   2.0873727e+03
   2.0878534e+03
   2.0883342e+03
   2.0888151e+03
   2.0892961e+03
   2.0897773e+03
   2.0902585e+03
   2.0907399e+03
   2.0912213e+03
   2.0917029e+03
   2.0921846e+03
   2.0926664e+03
   2.0931483e+03
   2.0936303e+03
   2.0941125e+03
   2.0945947e+03
   2.0950771e+03
   2.0955595e+03
   2.0960421e+03
   2.0965248e+03
   2.0970076e+03
   2.0974905e+03
   2.0979735e+03
   2.0984566e+03
   2.0989399e+03
   2.0994232e+03
   2.0999067e+03
   2.1003903e+03
   2.1008740e+03
   2.1013578e+03
   2.1018417e+03
   2.1023257e+03
   2.1028098e+03
   2.1032941e+03
   2.1037784e+03
   2.1042629e+03
   2.1047475e+03
   2.1052322e+03
   2.1057170e+03
   2.1062019e+03
   2.1066869e+03
   2.1071721e+03
   2.1076573e+03
   2.1081427e+03
   2.1086281e+03
   2.1091137e+03
   2.1095994e+03
   2.1100852e+03
   2.1105712e+03
   2.1110572e+03
   2.1115433e+03
   2.1120296e+03
   2.1125160e+03
   2.1130024e+03
   2.1134890e+03
   2.1139757e+03
   2.1144626e+03
   2.1149495e+03
   2.1154365e+03
   2.1159237e+03
   2.1164110e+03
   2.1168983e+03
   2.1173858e+03
   2.1178734e+03
   2.1183611e+03
   2.1188490e+03
   2.1193369e+03
   2.1198250e+03
   2.1203131e+03
   2.1208014e+03
   2.1212898e+03
   2.1217783e+03
   2.1222669e+03
   2.1227556e+03
   2.1232445e+03
   2.1237334e+03
   2.1242225e+03
   2.1247117e+03
   2.1252009e+03
   2.1256903e+03
   2.1261799e+03
   2.1266695e+03
   2.1271592e+03
   2.1276491e+03
   2.1281390e+03
   2.1286291e+03
   2.1291193e+03
   2.1296096e+03
   2.1301000e+03
   2.1305906e+03
   2.1310812e+03
   2.1315720e+03
   2.1320628e+03
   2.1325538e+03
   2.1330449e+03
   2.1335361e+03
   2.1340274e+03
   2.1345189e+03
   2.1350104e+03
   2.1355021e+03
   2.1359939e+03
   2.1364857e+03
   2.1369777e+03
   2.1374699e+03
   2.1379621e+03
   2.1384544e+03
   2.1389469e+03
   2.1394395e+03
   2.1399321e+03
   2.1404249e+03
   2.1409178e+03
   2.1414109e+03
   2.1419040e+03
   2.1423972e+03
   2.1428906e+03
   2.1433841e+03
   2.1438777e+03
   2.1443714e+03
   2.1448652e+03
   2.1453591e+03
   2.1458532e+03
   2.1463473e+03
   2.1468416e+03
   2.1473360e+03
   2.1478305e+03
   2.1483251e+03
   2.1488198e+03
   2.1493147e+03
   2.1498096e+03
   2.1503047e+03
   2.1507999e+03
   2.1512952e+03
   2.1517906e+03
   2.1522861e+03
   2.1527817e+03
   2.1532775e+03
   2.1537734e+03
   2.1542693e+03
   2.1547654e+03
   2.1552616e+03
   2.1557580e+03
   2.1562544e+03
   2.1567510e+03
   2.1572476e+03
   2.1577444e+03
   2.1582413e+03
   2.1587383e+03
   2.1592354e+03
   2.1597327e+03
   2.1602300e+03
   2.1607275e+03
   2.1612251e+03
   2.1617228e+03
   2.1622206e+03
   2.1627185e+03
   2.1632166e+03
   2.1637147e+03
   2.1642130e+03
   2.1647114e+03
   2.1652099e+03
   2.1657085e+03
   2.1662072e+03
   2.1667061e+03
   2.1672050e+03
   2.1677041e+03
   2.1682033e+03
   2.1687026e+03
   2.1692020e+03
   2.1697016e+03
   2.1702012e+03
   2.1707010e+03
   2.1712008e+03
   2.1717008e+03
   2.1722010e+03
   2.1727012e+03
   2.1732015e+03
   2.1737020e+03
   2.1742025e+03
   2.1747032e+03
   2.1752040e+03
   2.1757050e+03
   2.1762060e+03
   2.1767071e+03
   2.1772084e+03
   2.1777098e+03
   2.1782113e+03
   2.1787129e+03
   2.1792146e+03
   2.1797164e+03
   2.1802184e+03
   2.1807205e+03
   2.1812227e+03
   2.1817250e+03
   2.1822274e+03
   2.1827299e+03
   2.1832326e+03
   2.1837353e+03
   2.1842382e+03
   2.1847412e+03
   2.1852443e+03
   2.1857475e+03
   2.1862509e+03
   2.1867544e+03
   2.1872579e+03
   2.1877616e+03
   2.1882654e+03
   2.1887694e+03
   2.1892734e+03
   2.1897776e+03
   2.1902818e+03
   2.1907862e+03
   2.1912907e+03
   2.1917953e+03
   2.1923001e+03
   2.1928049e+03
   2.1933099e+03
   2.1938150e+03
   2.1943202e+03
   2.1948255e+03
   2.1953309e+03
   2.1958365e+03
   2.1963422e+03
   2.1968480e+03
   2.1973539e+03
   2.1978599e+03
   2.1983660e+03
   2.1988723e+03
   2.1993786e+03
   2.1998851e+03
   2.2003917e+03
   2.2008984e+03
   2.2014053e+03
   2.2019122e+03
   2.2024193e+03
   2.2029265e+03
   2.2034338e+03
   2.2039412e+03
   2.2044487e+03
   2.2049564e+03
   2.2054641e+03
   2.2059720e+03
   2.2064800e+03
   2.2069881e+03
   2.2074964e+03
   2.2080047e+03
   2.2085132e+03
   2.2090218e+03
   2.2095305e+03
   2.2100393e+03
   2.2105483e+03
   2.2110573e+03
   2.2115665e+03
   2.2120758e+03
   2.2125852e+03
   2.2130947e+03
   2.2136044e+03
   2.2141141e+03
   2.2146240e+03
   2.2151340e+03
   2.2156441e+03
   2.2161543e+03
   2.2166647e+03
   2.2171751e+03
   2.2176857e+03
   2.2181964e+03
   2.2187072e+03
   2.2192182e+03
   2.2197292e+03
   2.2202404e+03
   2.2207517e+03
   2.2212631e+03
   2.2217746e+03
   2.2222863e+03
   2.2227980e+03
   2.2233099e+03
   2.2238219e+03
   2.2243340e+03
   2.2248462e+03
   2.2253586e+03
   2.2258710e+03
   2.2263836e+03
   2.2268963e+03
   2.2274092e+03
   2.2279221e+03
   2.2284351e+03
   2.2289483e+03
   2.2294616e+03
   2.2299750e+03
   2.2304886e+03
   2.2310022e+03
   2.2315160e+03
   2.2320299e+03
   2.2325439e+03
   2.2330580e+03
   2.2335722e+03
   2.2340866e+03
   2.2346011e+03
   2.2351157e+03
   2.2356304e+03
   2.2361452e+03
   2.2366601e+03
   2.2371752e+03
   2.2376904e+03
   2.2382057e+03
   2.2387211e+03
   2.2392367e+03
   2.2397523e+03
   2.2402681e+03
   2.2407840e+03
   2.2413000e+03
   2.2418162e+03
   2.2423324e+03
   2.2428488e+03
   2.2433653e+03
   2.2438819e+03
   2.2443987e+03
   2.2449155e+03
   2.2454325e+03
   2.2459496e+03
   2.2464668e+03
   2.2469841e+03
   2.2475016e+03
   2.2480191e+03
   2.2485368e+03
   2.2490546e+03
   2.2495725e+03
   2.2500906e+03
   2.2506087e+03
   2.2511270e+03
   2.2516454e+03
   2.2521639e+03
   2.2526826e+03
   2.2532013e+03
   2.2537202e+03
   2.2542392e+03
   2.2547583e+03
   2.2552776e+03
   2.2557969e+03
   2.2563164e+03
   2.2568360e+03
   2.2573557e+03
   2.2578755e+03
   2.2583955e+03
   2.2589156e+03
   2.2594358e+03
   2.2599561e+03
   2.2604765e+03
   2.2609971e+03
   2.2615177e+03
   2.2620385e+03
   2.2625595e+03
   2.2630805e+03
   2.2636016e+03
   2.2641229e+03
   2.2646443e+03
   2.2651658e+03
   2.2656875e+03
   2.2662092e+03
   2.2667311e+03
   2.2672531e+03
   2.2677752e+03
   2.2682974e+03
   2.2688198e+03
   2.2693423e+03
   2.2698649e+03
   2.2703876e+03
   2.2709104e+03
   2.2714334e+03
   2.2719564e+03
   2.2724796e+03
   2.2730030e+03
   2.2735264e+03
   2.2740500e+03
   2.2745736e+03
   2.2750974e+03
   2.2756214e+03
   2.2761454e+03
   2.2766696e+03
   2.2771938e+03
   2.2777182e+03
   2.2782428e+03
   2.2787674e+03
   2.2792922e+03
   2.2798171e+03
   2.2803421e+03
   2.2808672e+03
   2.2813925e+03
   2.2819178e+03
   2.2824433e+03
   2.2829689e+03
   2.2834947e+03
   2.2840205e+03
   2.2845465e+03
   2.2850726e+03
   2.2855988e+03
   2.2861251e+03
   2.2866516e+03
   2.2871782e+03
   2.2877049e+03
   2.2882317e+03
   2.2887587e+03
   2.2892857e+03
   2.2898129e+03
   2.2903402e+03
   2.2908677e+03
   2.2913952e+03
   2.2919229e+03
   2.2924507e+03
   2.2929786e+03
   2.2935066e+03
   2.2940348e+03
   2.2945631e+03
   2.2950915e+03
   2.2956200e+03
   2.2961486e+03
   2.2966774e+03
   2.2972063e+03
   2.2977353e+03
   2.2982645e+03
   2.2987937e+03
   2.2993231e+03
   2.2998526e+03
   2.3003822e+03
   2.3009120e+03
   2.3014418e+03
   2.3019718e+03
   2.3025019e+03
   2.3030321e+03
   2.3035625e+03
   2.3040930e+03
   2.3046236e+03
   2.3051543e+03
   2.3056851e+03
   2.3062161e+03
   2.3067472e+03
   2.3072784e+03
   2.3078097e+03
   2.3083412e+03
   2.3088728e+03
   2.3094045e+03
   2.3099363e+03
   2.3104682e+03
   2.3110003e+03
   2.3115325e+03
   2.3120648e+03
   2.3125972e+03
   2.3131298e+03
   2.3136625e+03
   2.3141953e+03
   2.3147282e+03
   2.3152612e+03
   2.3157944e+03
   2.3163277e+03
   2.3168611e+03
   2.3173946e+03
   2.3179283e+03
   2.3184621e+03
   2.3189960e+03
   2.3195300e+03
   2.3200642e+03
   2.3205985e+03
   2.3211329e+03
   2.3216674e+03
   2.3222020e+03
   2.3227368e+03
   2.3232717e+03
   2.3238067e+03
   2.3243418e+03
   2.3248771e+03
   2.3254125e+03
   2.3259480e+03
   2.3264836e+03
   2.3270194e+03
   2.3275553e+03
   2.3280913e+03
   2.3286274e+03
   2.3291636e+03
   2.3297000e+03
   2.3302365e+03
   2.3307731e+03
   2.3313099e+03
   2.3318467e+03
   2.3323837e+03
   2.3329208e+03
   2.3334581e+03
   2.3339954e+03
   2.3345329e+03
   2.3350705e+03
   2.3356082e+03
   2.3361461e+03
   2.3366841e+03
   2.3372222e+03
   2.3377604e+03
   2.3382988e+03
   2.3388372e+03
   2.3393758e+03
   2.3399146e+03
   2.3404534e+03
   2.3409924e+03
   2.3415315e+03
   2.3420707e+03
   2.3426100e+03
   2.3431495e+03
   2.3436891e+03
   2.3442288e+03
   2.3447687e+03
   2.3453086e+03
   2.3458487e+03
   2.3463889e+03
   2.3469293e+03
   2.3474697e+03
   2.3480103e+03
   2.3485510e+03
   2.3490919e+03
   2.3496328e+03
   2.3501739e+03
   2.3507151e+03
   2.3512565e+03
   2.3517979e+03
   2.3523395e+03
   2.3528812e+03
   2.3534230e+03
   2.3539650e+03
   2.3545071e+03
   2.3550493e+03
   2.3555916e+03
   2.3561341e+03
   2.3566767e+03
   2.3572194e+03
   2.3577622e+03
   2.3583052e+03
   2.3588482e+03
   2.3593914e+03
   2.3599348e+03
   2.3604782e+03
   2.3610218e+03
   2.3615655e+03
   2.3621094e+03
   2.3626533e+03
   2.3631974e+03
   2.3637416e+03
   2.3642859e+03
   2.3648304e+03
   2.3653750e+03
   2.3659197e+03
   2.3664645e+03
   2.3670095e+03
   2.3675546e+03
   2.3680998e+03
   2.3686451e+03
   2.3691906e+03
   2.3697362e+03
   2.3702819e+03
   2.3708277e+03
   2.3713737e+03
   2.3719198e+03
   2.3724660e+03
   2.3730124e+03
   2.3735588e+03
   2.3741054e+03
   2.3746521e+03
   2.3751990e+03
   2.3757460e+03
   2.3762931e+03
   2.3768403e+03
   2.3773876e+03
   2.3779351e+03
   2.3784827e+03
   2.3790304e+03
   2.3795783e+03
   2.3801263e+03
   2.3806744e+03
   2.3812226e+03
   2.3817710e+03
   2.3823195e+03
   2.3828681e+03
   2.3834168e+03
   2.3839657e+03
   2.3845147e+03
   2.3850638e+03
   2.3856130e+03
   2.3861624e+03
   2.3867119e+03
   2.3872615e+03
   2.3878113e+03
   2.3883612e+03
   2.3889112e+03
   2.3894613e+03
   2.3900116e+03
   2.3905619e+03
   2.3911124e+03
   2.3916631e+03
   2.3922138e+03
   2.3927647e+03
   2.3933158e+03
   2.3938669e+03
   2.3944182e+03
   2.3949696e+03
   2.3955211e+03
   2.3960727e+03
   2.3966245e+03
   2.3971764e+03
   2.3977285e+03
   2.3982806e+03
   2.3988329e+03
   2.3993853e+03
   2.3999379e+03
   2.4004905e+03
   2.4010433e+03
   2.4015963e+03
   2.4021493e+03
   2.4027025e+03
   2.4032558e+03
   2.4038092e+03
   2.4043628e+03
   2.4049165e+03
   2.4054703e+03
   2.4060242e+03
   2.4065783e+03
   2.4071325e+03
   2.4076868e+03
   2.4082413e+03
   2.4087959e+03
   2.4093506e+03
   2.4099054e+03
   2.4104604e+03
   2.4110155e+03
   2.4115707e+03
   2.4121261e+03
   2.4126815e+03
   2.4132371e+03
   2.4137929e+03
   2.4143487e+03
   2.4149047e+03
   2.4154608e+03
   2.4160171e+03
   2.4165735e+03
   2.4171300e+03
   2.4176866e+03
   2.4182433e+03
   2.4188002e+03
   2.4193572e+03
   2.4199144e+03
   2.4204716e+03
   2.4210290e+03
   2.4215866e+03
   2.4221442e+03
   2.4227020e+03
   2.4232599e+03
   2.4238180e+03
   2.4243761e+03
   2.4249344e+03
   2.4254929e+03
   2.4260514e+03
   2.4266101e+03
   2.4271689e+03
   2.4277278e+03
   2.4282869e+03
   2.4288461e+03
   2.4294054e+03
   2.4299649e+03
   2.4305245e+03
   2.4310842e+03
   2.4316440e+03
   2.4322040e+03
   2.4327641e+03
   2.4333243e+03
   2.4338847e+03
   2.4344452e+03
   2.4350058e+03
   2.4355665e+03
   2.4361274e+03
   2.4366884e+03
   2.4372496e+03
   2.4378108e+03
   2.4383722e+03
   2.4389337e+03
   2.4394954e+03
   2.4400572e+03
   2.4406191e+03
   2.4411811e+03
   2.4417433e+03
   2.4423056e+03
   2.4428680e+03
   2.4434306e+03
   2.4439932e+03
   2.4445561e+03
   2.4451190e+03
   2.4456821e+03
   2.4462453e+03
   2.4468086e+03
   2.4473721e+03
   2.4479357e+03
   2.4484994e+03
   2.4490632e+03
   2.4496272e+03
   2.4501913e+03
   2.4507556e+03
   2.4513200e+03
   2.4518845e+03
   2.4524491e+03
   2.4530138e+03
   2.4535787e+03
   2.4541438e+03
   2.4547089e+03
   2.4552742e+03
   2.4558396e+03
   2.4564052e+03
   2.4569708e+03
   2.4575366e+03
   2.4581026e+03
   2.4586686e+03
   2.4592348e+03
   2.4598011e+03
   2.4603676e+03
   2.4609342e+03
   2.4615009e+03
   2.4620678e+03
   2.4626347e+03
   2.4632018e+03
   2.4637691e+03
   2.4643364e+03
   2.4649039e+03
   2.4654716e+03
   2.4660393e+03
   2.4666072e+03
   2.4671753e+03
   2.4677434e+03
   2.4683117e+03
   2.4688801e+03
   2.4694487e+03
   2.4700173e+03
   2.4705861e+03
   2.4711551e+03
   2.4717241e+03
   2.4722933e+03
   2.4728627e+03
   2.4734321e+03
   2.4740017e+03
   2.4745715e+03
   2.4751413e+03
   2.4757113e+03
   2.4762814e+03
   2.4768517e+03
   2.4774221e+03
   2.4779926e+03
   2.4785632e+03
   2.4791340e+03
   2.4797049e+03
   2.4802759e+03
   2.4808471e+03
   2.4814184e+03
   2.4819898e+03
   2.4825614e+03
   2.4831331e+03
   2.4837049e+03
   2.4842769e+03
   2.4848490e+03
   2.4854212e+03
   2.4859936e+03
   2.4865661e+03
   2.4871387e+03
   2.4877114e+03
   2.4882843e+03
   2.4888573e+03
   2.4894305e+03
   2.4900037e+03
   2.4905772e+03
   2.4911507e+03
   2.4917244e+03
   2.4922982e+03
   2.4928721e+03
   2.4934462e+03
   2.4940204e+03
   2.4945947e+03
   2.4951692e+03
   2.4957438e+03
   2.4963185e+03
   2.4968934e+03
   2.4974684e+03
   2.4980435e+03
   2.4986188e+03
   2.4991942e+03
   2.4997697e+03
   2.5003454e+03
   2.5009212e+03
   2.5014971e+03
   2.5020731e+03
   2.5026493e+03
   2.5032256e+03
   2.5038021e+03
   2.5043787e+03
   2.5049554e+03
   2.5055323e+03
   2.5061093e+03
   2.5066864e+03
   2.5072636e+03
   2.5078410e+03
   2.5084185e+03
   2.5089962e+03
   2.5095740e+03
   2.5101519e+03
   2.5107299e+03
   2.5113081e+03
   2.5118864e+03
   2.5124649e+03
   2.5130435e+03
   2.5136222e+03
   2.5142010e+03
   2.5147800e+03
   2.5153591e+03
   2.5159384e+03
   2.5165178e+03
   2.5170973e+03
   2.5176769e+03
   2.5182567e+03
   2.5188366e+03
   2.5194167e+03
   2.5199969e+03
   2.5205772e+03
   2.5211576e+03
   2.5217382e+03
   2.5223189e+03
   2.5228998e+03
   2.5234808e+03
   2.5240619e+03
   2.5246431e+03
   2.5252245e+03
   2.5258061e+03
   2.5263877e+03
   2.5269695e+03
   2.5275514e+03
   2.5281335e+03
   2.5287157e+03
   2.5292980e+03
   2.5298805e+03
   2.5304630e+03
   2.5310458e+03
   2.5316286e+03
   2.5322116e+03
   2.5327948e+03
   2.5333780e+03
   2.5339614e+03
   2.5345450e+03
   2.5351286e+03
   2.5357124e+03
   2.5362964e+03
   2.5368804e+03
   2.5374646e+03
   2.5380490e+03
   2.5386335e+03
   2.5392181e+03
   2.5398028e+03
   2.5403877e+03
   2.5409727e+03
   2.5415579e+03
   2.5421431e+03
   2.5427286e+03
   2.5433141e+03
   2.5438998e+03
   2.5444856e+03
   2.5450716e+03
   2.5456577e+03
   2.5462439e+03
   2.5468303e+03
   2.5474167e+03
   2.5480034e+03
   2.5485901e+03
   2.5491771e+03
   2.5497641e+03
   2.5503513e+03
   2.5509386e+03
   2.5515260e+03
   2.5521136e+03
   2.5527013e+03
   2.5532892e+03
   2.5538771e+03
   2.5544653e+03
   2.5550535e+03
   2.5556419e+03
   2.5562304e+03
   2.5568191e+03
   2.5574079e+03
   2.5579968e+03
   2.5585859e+03
   2.5591751e+03
   2.5597644e+03
   2.5603539e+03
   2.5609435e+03
   2.5615333e+03
   2.5621231e+03
   2.5627132e+03
   2.5633033e+03
   2.5638936e+03
   2.5644840e+03
   2.5650746e+03
   2.5656653e+03
   2.5662561e+03
   2.5668471e+03
   2.5674382e+03
   2.5680295e+03
   2.5686208e+03
   2.5692123e+03
   2.5698040e+03
   2.5703958e+03
   2.5709877e+03
   2.5715798e+03
   2.5721720e+03
   2.5727643e+03
   2.5733568e+03
   2.5739494e+03
   2.5745421e+03
   2.5751350e+03
   2.5757280e+03
   2.5763212e+03
   2.5769144e+03
   2.5775079e+03
   2.5781014e+03
   2.5786951e+03
   2.5792890e+03
   2.5798829e+03
   2.5804770e+03
   2.5810713e+03
   2.5816657e+03
   2.5822602e+03
   2.5828548e+03
   2.5834496e+03
   2.5840446e+03
   2.5846396e+03
   2.5852348e+03
   2.5858302e+03
   2.5864257e+03
   2.5870213e+03
   2.5876170e+03
   2.5882129e+03
   2.5888089e+03
   2.5894051e+03
   2.5900014e+03
   2.5905978e+03
   2.5911944e+03
   2.5917911e+03
   2.5923880e+03
   2.5929850e+03
   2.5935821e+03
   2.5941794e+03
   2.5947768e+03
   2.5953743e+03
   2.5959720e+03
   2.5965698e+03
   2.5971677e+03
   2.5977658e+03
   2.5983641e+03
   2.5989624e+03
   2.5995609e+03
   2.6001596e+03
   2.6007583e+03
   2.6013573e+03
   2.6019563e+03
   2.6025555e+03
   2.6031548e+03
   2.6037543e+03
   2.6043539e+03
   2.6049536e+03
   2.6055535e+03
   2.6061535e+03
   2.6067537e+03
   2.6073540e+03
   2.6079544e+03
   2.6085550e+03
   2.6091557e+03
   2.6097566e+03
   2.6103576e+03
   2.6109587e+03
   2.6115600e+03
   2.6121614e+03
   2.6127629e+03
   2.6133646e+03
   2.6139664e+03
   2.6145684e+03
   2.6151704e+03
   2.6157727e+03
   2.6163751e+03
   2.6169776e+03
   2.6175802e+03
   2.6181830e+03
   2.6187859e+03
   2.6193890e+03
   2.6199922e+03
   2.6205956e+03
   2.6211990e+03
   2.6218027e+03
   2.6224064e+03
   2.6230103e+03
   2.6236144e+03
   2.6242185e+03
   2.6248229e+03
   2.6254273e+03
   2.6260319e+03
   2.6266367e+03
   2.6272415e+03
   2.6278465e+03
   2.6284517e+03
   2.6290570e+03
   2.6296624e+03
   2.6302680e+03
   2.6308737e+03
   2.6314796e+03
   2.6320855e+03
   2.6326917e+03
   2.6332979e+03
   2.6339044e+03
   2.6345109e+03
   2.6351176e+03
   2.6357244e+03
   2.6363314e+03
   2.6369385e+03
   2.6375457e+03
   2.6381531e+03
   2.6387607e+03
   2.6393683e+03
   2.6399761e+03
   2.6405841e+03
   2.6411922e+03
   2.6418004e+03
   2.6424088e+03
   2.6430173e+03
   2.6436259e+03
   2.6442347e+03
   2.6448436e+03
   2.6454527e+03
   2.6460619e+03
   2.6466713e+03
   2.6472807e+03
   2.6478904e+03
   2.6485001e+03
   2.6491100e+03
   2.6497201e+03
   2.6503303e+03
   2.6509406e+03
   2.6515511e+03
   2.6521617e+03
   2.6527725e+03
   2.6533834e+03
   2.6539944e+03
   2.6546056e+03
   2.6552169e+03
   2.6558283e+03
   2.6564399e+03
   2.6570517e+03
   2.6576635e+03
   2.6582756e+03
   2.6588877e+03
   2.6595000e+03
   2.6601125e+03
   2.6607251e+03
   2.6613378e+03
   2.6619507e+03
   2.6625637e+03
   2.6631768e+03
   2.6637901e+03
   2.6644035e+03
   2.6650171e+03
   2.6656308e+03
   2.6662447e+03
   2.6668587e+03
   2.6674728e+03
   2.6680871e+03
   2.6687015e+03
   2.6693161e+03
   2.6699308e+03
   2.6705456e+03
   2.6711606e+03
   2.6717757e+03
   2.6723910e+03
   2.6730064e+03
   2.6736220e+03
   2.6742377e+03
   2.6748535e+03
   2.6754695e+03
   2.6760856e+03
   2.6767019e+03
   2.6773183e+03
   2.6779348e+03
   2.6785515e+03
   2.6791683e+03
   2.6797853e+03
   2.6804024e+03
   2.6810197e+03
   2.6816371e+03
   2.6822546e+03
   2.6828723e+03
   2.6834901e+03
   2.6841081e+03
   2.6847262e+03
   2.6853444e+03
   2.6859628e+03
   2.6865814e+03
   2.6872001e+03
   2.6878189e+03
   2.6884378e+03
   2.6890570e+03
   2.6896762e+03
   2.6902956e+03
   2.6909151e+03
   2.6915348e+03
   2.6921546e+03
   2.6927746e+03
   2.6933947e+03
   2.6940149e+03
   2.6946353e+03
   2.6952559e+03
   2.6958765e+03
   2.6964974e+03
   2.6971183e+03
   2.6977394e+03
   2.6983607e+03
   2.6989821e+03
   2.6996036e+03
   2.7002253e+03
   2.7008471e+03
   2.7014691e+03
   2.7020912e+03
   2.7027134e+03
   2.7033358e+03
   2.7039584e+03
   2.7045810e+03
   2.7052039e+03
   2.7058268e+03
   2.7064499e+03
   2.7070732e+03
   2.7076966e+03
   2.7083201e+03
   2.7089438e+03
   2.7095677e+03
   2.7101916e+03
   2.7108157e+03
   2.7114400e+03
   2.7120644e+03
   2.7126890e+03
   2.7133137e+03
   2.7139385e+03
   2.7145635e+03
   2.7151886e+03
   2.7158139e+03
   2.7164393e+03
   2.7170648e+03
   2.7176905e+03
   2.7183164e+03
   2.7189424e+03
   2.7195685e+03
   2.7201948e+03
   2.7208212e+03
   2.7214477e+03
   2.7220745e+03
   2.7227013e+03
   2.7233283e+03
   2.7239554e+03
   2.7245827e+03
   2.7252102e+03
   2.7258377e+03
   2.7264655e+03
   2.7270933e+03
   2.7277213e+03
   2.7283495e+03
   2.7289778e+03
   2.7296062e+03
   2.7302348e+03
   2.7308635e+03
   2.7314924e+03
   2.7321214e+03
   2.7327506e+03
   2.7333799e+03
   2.7340094e+03
   2.7346390e+03
   2.7352687e+03
   2.7358986e+03
   2.7365287e+03
   2.7371588e+03
   2.7377892e+03
   2.7384196e+03
   2.7390503e+03
   2.7396810e+03
   2.7403119e+03
   2.7409430e+03
   2.7415742e+03
   2.7422055e+03
   2.7428370e+03
   2.7434686e+03
   2.7441004e+03
   2.7447323e+03
   2.7453644e+03
   2.7459966e+03
   2.7466290e+03
   2.7472615e+03
   2.7478942e+03
   2.7485270e+03
   2.7491599e+03
   2.7497930e+03
   2.7504262e+03
   2.7510596e+03
   2.7516931e+03
   2.7523268e+03
   2.7529606e+03
   2.7535946e+03
   2.7542287e+03
   2.7548630e+03
   2.7554974e+03
   2.7561319e+03
   2.7567666e+03
   2.7574015e+03
   2.7580364e+03
   2.7586716e+03
   2.7593069e+03
   2.7599423e+03
   2.7605779e+03
   2.7612136e+03
   2.7618494e+03
   2.7624855e+03
   2.7631216e+03
   2.7637579e+03
   2.7643944e+03
   2.7650310e+03
   2.7656677e+03
   2.7663046e+03
   2.7669416e+03
   2.7675788e+03
   2.7682162e+03
   2.7688536e+03
   2.7694913e+03
   2.7701290e+03
   2.7707670e+03
   2.7714050e+03
   2.7720432e+03
   2.7726816e+03
   2.7733201e+03
   2.7739588e+03
   2.7745976e+03
   2.7752365e+03
   2.7758756e+03
   2.7765148e+03
   2.7771542e+03
   2.7777938e+03
   2.7784335e+03
   2.7790733e+03
   2.7797133e+03
   2.7803534e+03
   2.7809937e+03
   2.7816341e+03
   2.7822747e+03
   2.7829154e+03
   2.7835562e+03
   2.7841972e+03
   2.7848384e+03
   2.7854797e+03
   2.7861212e+03
   2.7867628e+03
   2.7874045e+03
   2.7880464e+03
   2.7886885e+03
   2.7893307e+03
   2.7899730e+03
   2.7906155e+03
   2.7912581e+03
   2.7919009e+03
   2.7925438e+03
   2.7931869e+03
   2.7938302e+03
   2.7944735e+03
   2.7951171e+03
   2.7957607e+03
   2.7964045e+03
   2.7970485e+03
   2.7976926e+03
   2.7983369e+03
   2.7989813e+03
   2.7996259e+03
   2.8002706e+03
   2.8009155e+03
   2.8015605e+03
   2.8022056e+03
   2.8028509e+03
   2.8034964e+03
   2.8041420e+03
   2.8047877e+03
   2.8054336e+03
   2.8060797e+03
   2.8067259e+03
   2.8073722e+03
   2.8080187e+03
   2.8086654e+03
   2.8093122e+03
   2.8099591e+03
   2.8106062e+03
   2.8112534e+03
   2.8119008e+03
   2.8125484e+03
   2.8131961e+03
   2.8138439e+03
   2.8144919e+03
   2.8151400e+03
   2.8157883e+03
   2.8164367e+03
   2.8170853e+03
   2.8177340e+03
   2.8183829e+03
   2.8190320e+03
   2.8196811e+03
   2.8203305e+03
   2.8209800e+03
   2.8216296e+03
   2.8222794e+03
   2.8229293e+03
   2.8235794e+03
   2.8242296e+03
   2.8248800e+03
   2.8255305e+03
   2.8261812e+03
   2.8268320e+03
   2.8274830e+03
   2.8281341e+03
   2.8287854e+03
   2.8294368e+03
   2.8300884e+03
   2.8307401e+03
   2.8313920e+03
   2.8320440e+03
   2.8326962e+03
   2.8333485e+03
   2.8340010e+03
   2.8346536e+03
   2.8353064e+03
   2.8359593e+03
   2.8366124e+03
   2.8372656e+03
   2.8379190e+03
   2.8385726e+03
   2.8392262e+03
   2.8398801e+03
   2.8405341e+03
   2.8411882e+03
   2.8418425e+03
   2.8424969e+03
   2.8431515e+03
   2.8438062e+03
   2.8444611e+03
   2.8451161e+03
   2.8457713e+03
   2.8464267e+03
   2.8470822e+03
   2.8477378e+03
   2.8483936e+03
   2.8490495e+03
   2.8497056e+03
   2.8503619e+03
   2.8510183e+03
   2.8516748e+03
   2.8523315e+03
   2.8529884e+03
   2.8536454e+03
   2.8543025e+03
   2.8549598e+03
   2.8556173e+03
   2.8562749e+03
   2.8569326e+03
   2.8575905e+03
   2.8582486e+03
   2.8589068e+03
   2.8595652e+03
   2.8602237e+03
   2.8608824e+03
   2.8615412e+03
   2.8622001e+03
   2.8628593e+03
   2.8635185e+03
   2.8641780e+03
   2.8648375e+03
   2.8654973e+03
   2.8661572e+03
   2.8668172e+03
   2.8674774e+03
   2.8681377e+03
   2.8687982e+03
   2.8694588e+03
   2.8701196e+03
   2.8707806e+03
   2.8714417e+03
   2.8721029e+03
   2.8727643e+03
   2.8734259e+03
   2.8740876e+03
   2.8747495e+03
   2.8754115e+03
   2.8760736e+03
   2.8767359e+03
   2.8773984e+03
   2.8780610e+03
   2.8787238e+03
   2.8793867e+03
   2.8800498e+03
   2.8807130e+03
   2.8813764e+03
   2.8820400e+03
   2.8827037e+03
   2.8833675e+03
   2.8840315e+03
   2.8846957e+03
   2.8853600e+03
   2.8860244e+03
   2.8866890e+03
   2.8873538e+03
   2.8880187e+03
   2.8886838e+03
   2.8893490e+03
   2.8900144e+03
   2.8906799e+03
   2.8913456e+03
   2.8920114e+03
   2.8926774e+03
   2.8933435e+03
   2.8940098e+03
   2.8946763e+03
   2.8953429e+03
   2.8960096e+03
   2.8966765e+03
   2.8973436e+03
   2.8980108e+03
   2.8986782e+03
   2.8993457e+03
   2.9000134e+03
   2.9006812e+03
   2.9013492e+03
   2.9020173e+03
   2.9026856e+03
   2.9033541e+03
   2.9040227e+03
   2.9046914e+03
   2.9053603e+03
   2.9060294e+03
   2.9066986e+03
   2.9073680e+03
   2.9080375e+03
   2.9087072e+03
   2.9093770e+03
   2.9100470e+03
   2.9107171e+03
   2.9113874e+03
   2.9120579e+03
   2.9127285e+03
   2.9133992e+03
   2.9140701e+03
   2.9147412e+03
   2.9154124e+03
   2.9160838e+03
   2.9167553e+03
   2.9174270e+03
   2.9180989e+03
   2.9187708e+03
   2.9194430e+03
   2.9201153e+03
   2.9207878e+03
   2.9214604e+03
   2.9221331e+03
   2.9228061e+03
   2.9234791e+03
   2.9241524e+03
   2.9248258e+03
   2.9254993e+03
   2.9261730e+03
   2.9268469e+03
   2.9275209e+03
   2.9281950e+03
   2.9288694e+03
   2.9295438e+03
   2.9302185e+03
   2.9308932e+03
   2.9315682e+03
   2.9322433e+03
   2.9329185e+03
   2.9335939e+03
   2.9342695e+03
   2.9349452e+03
   2.9356211e+03
   2.9362971e+03
   2.9369733e+03
   2.9376497e+03
   2.9383261e+03
   2.9390028e+03
   2.9396796e+03
   2.9403566e+03
   2.9410337e+03
   2.9417110e+03
   2.9423884e+03
   2.9430660e+03
   2.9437437e+03
   2.9444216e+03
   2.9450997e+03
   2.9457779e+03
   2.9464563e+03
   2.9471348e+03
   2.9478135e+03
   2.9484923e+03
   2.9491713e+03
   2.9498505e+03
   2.9505298e+03
   2.9512092e+03
   2.9518888e+03
   2.9525686e+03
   2.9532486e+03
   2.9539286e+03
   2.9546089e+03
   2.9552893e+03
   2.9559698e+03
   2.9566506e+03
   2.9573314e+03
   2.9580125e+03
   2.9586937e+03
   2.9593750e+03
   2.9600565e+03
   2.9607382e+03
   2.9614200e+03
   2.9621019e+03
   2.9627841e+03
   2.9634663e+03
   2.9641488e+03
   2.9648314e+03
   2.9655141e+03
   2.9661971e+03
   2.9668801e+03
   2.9675634e+03
   2.9682467e+03
   2.9689303e+03
   2.9696140e+03
   2.9702978e+03
   2.9709819e+03
   2.9716660e+03
   2.9723504e+03
   2.9730348e+03
   2.9737195e+03
   2.9744043e+03
   2.9750893e+03
   2.9757744e+03
   2.9764597e+03
   2.9771451e+03
   2.9778307e+03
   2.9785164e+03
   2.9792023e+03
   2.9798884e+03
   2.9805746e+03
   2.9812610e+03
   2.9819475e+03
   2.9826342e+03
   2.9833211e+03
   2.9840081e+03
   2.9846953e+03
   2.9853826e+03
   2.9860701e+03
   2.9867578e+03
   2.9874456e+03
   2.9881335e+03
   2.9888216e+03
   2.9895099e+03
   2.9901984e+03
   2.9908870e+03
   2.9915757e+03
   2.9922646e+03
   2.9929537e+03
   2.9936429e+03
   2.9943323e+03
   2.9950219e+03
   2.9957116e+03
   2.9964015e+03
   2.9970915e+03
   2.9977817e+03
   2.9984720e+03
   2.9991625e+03
   2.9998532e+03
